font,128,32,16,4,64,128,128
wave,80,8,10,1,10,20,148
bridge,64,80,8,10,80,160,308
island,64,32,8,4,32,64,372
tree,64,80,8,10,80,160,532
cloudL,48,24,6,3,18,36,568
cloudS,32,24,4,3,12,24,592
turtleF,32,24,4,3,12,24,616
turtleH,32,24,4,3,12,24,640
sign,24,24,3,3,9,18,658
goal,24,24,3,3,9,18,676
