font,128,32,16,4,64,128,128
titlePlay,192,24,24,3,72,144,272
wave,80,8,10,1,10,20,292
bridge,64,48,8,6,48,96,388
island,64,32,8,4,32,64,452
tree,64,80,8,10,80,160,612
cloudL,48,24,6,3,18,36,648
cloudS,32,24,4,3,12,24,672
turtleF,32,24,4,3,12,24,696
turtleH,32,24,4,3,12,24,720
sign,24,24,3,3,9,18,738
goal,24,24,3,3,9,18,756
