font,128,32,16,4,64,128,128
wave,88,8,11,1,11,22,150
bridge,64,80,8,10,80,160,310
island,64,32,8,4,32,64,374
tree,64,80,8,10,80,160,534
cloudL,48,24,6,3,18,36,570
cloudS,32,24,4,3,12,24,594
turtleF,32,24,4,3,12,24,618
turtleH,32,24,4,3,12,24,642
sign,24,24,3,3,9,18,660
goal,24,24,3,3,9,18,678
